K = 4, Metric = cosine    ********************* BEST RESULT *********************
Loading data...
Spliting data...
Fitting knn
Predicting...
Accuracy:  0.975
[[54  0  0  0  0  1  0  0  0  0]
 [ 0 49  0  0  0  0  0  0  0  0]
 [ 0  0 64  0  0  0  0  1  1  0]
 [ 0  0  0 69  0  0  0  0  0  0]
 [ 0  0  0  0 58  0  0  0  0  1]
 [ 0  0  0  0  0 56  0  0  1  0]
 [ 0  1  0  0  0  0 64  0  1  0]
 [ 0  0  0  0  0  0  0 60  0  2]
 [ 1  0  0  1  0  1  0  0 49  2]
 [ 0  0  0  0  0  0  0  1  0 62]]
              precision    recall  f1-score   support

         0.0       0.98      0.98      0.98        55
         1.0       0.98      1.00      0.99        49
         2.0       1.00      0.97      0.98        66
         3.0       0.99      1.00      0.99        69
         4.0       1.00      0.98      0.99        59
         5.0       0.97      0.98      0.97        57
         6.0       1.00      0.97      0.98        66
         7.0       0.97      0.97      0.97        62
         8.0       0.94      0.91      0.92        54
         9.0       0.93      0.98      0.95        63

    accuracy                           0.97       600
   macro avg       0.97      0.97      0.97       600
weighted avg       0.98      0.97      0.98       600
Time ellapsed: 0.31995201110839844 **********************************************

K = 4, Metric = euclidean
Loading data...
Spliting data...
Fitting knn
Predicting...
Accuracy:  0.975
[[54  0  0  0  0  1  0  0  0  0]
 [ 0 49  0  0  0  0  0  0  0  0]
 [ 0  0 64  0  0  0  0  1  1  0]
 [ 0  0  0 69  0  0  0  0  0  0]
 [ 0  0  0  0 58  0  0  0  0  1]
 [ 0  0  0  0  0 56  0  0  1  0]
 [ 0  1  0  0  0  0 64  0  1  0]
 [ 0  0  0  0  0  0  0 60  0  2]
 [ 1  0  0  1  0  1  0  0 49  2]
 [ 0  0  0  0  0  0  0  1  0 62]]
              precision    recall  f1-score   support

         0.0       0.98      0.98      0.98        55
         1.0       0.98      1.00      0.99        49
         2.0       1.00      0.97      0.98        66
         3.0       0.99      1.00      0.99        69
         4.0       1.00      0.98      0.99        59
         5.0       0.97      0.98      0.97        57
         6.0       1.00      0.97      0.98        66
         7.0       0.97      0.97      0.97        62
         8.0       0.94      0.91      0.92        54
         9.0       0.93      0.98      0.95        63

    accuracy                           0.97       600
   macro avg       0.97      0.97      0.97       600
weighted avg       0.98      0.97      0.98       600
Time ellapsed: 1.0493454933166504

K = 4, Metric = l2
Loading data...
Spliting data...
Fitting knn
Predicting...
Accuracy:  0.975
[[54  0  0  0  0  1  0  0  0  0]
 [ 0 49  0  0  0  0  0  0  0  0]
 [ 0  0 64  0  0  0  0  1  1  0]
 [ 0  0  0 69  0  0  0  0  0  0]
 [ 0  0  0  0 58  0  0  0  0  1]
 [ 0  0  0  0  0 56  0  0  1  0]
 [ 0  1  0  0  0  0 64  0  1  0]
 [ 0  0  0  0  0  0  0 60  0  2]
 [ 1  0  0  1  0  1  0  0 49  2]
 [ 0  0  0  0  0  0  0  1  0 62]]
              precision    recall  f1-score   support

         0.0       0.98      0.98      0.98        55
         1.0       0.98      1.00      0.99        49
         2.0       1.00      0.97      0.98        66
         3.0       0.99      1.00      0.99        69
         4.0       1.00      0.98      0.99        59
         5.0       0.97      0.98      0.97        57
         6.0       1.00      0.97      0.98        66
         7.0       0.97      0.97      0.97        62
         8.0       0.94      0.91      0.92        54
         9.0       0.93      0.98      0.95        63

    accuracy                           0.97       600
   macro avg       0.97      0.97      0.97       600
weighted avg       0.98      0.97      0.98       600
Time ellapsed: 1.049164056777954

K = 4, Metric = nan_euclidean
Loading data...
Spliting data...
Fitting knn
Predicting...
Accuracy:  0.975
[[54  0  0  0  0  1  0  0  0  0]
 [ 0 49  0  0  0  0  0  0  0  0]
 [ 0  0 64  0  0  0  0  1  1  0]
 [ 0  0  0 69  0  0  0  0  0  0]
 [ 0  0  0  0 58  0  0  0  0  1]
 [ 0  0  0  0  0 56  0  0  1  0]
 [ 0  1  0  0  0  0 64  0  1  0]
 [ 0  0  0  0  0  0  0 60  0  2]
 [ 1  0  0  1  0  1  0  0 49  2]
 [ 0  0  0  0  0  0  0  1  0 62]]
              precision    recall  f1-score   support

         0.0       0.98      0.98      0.98        55
         1.0       0.98      1.00      0.99        49
         2.0       1.00      0.97      0.98        66
         3.0       0.99      1.00      0.99        69
         4.0       1.00      0.98      0.99        59
         5.0       0.97      0.98      0.97        57
         6.0       1.00      0.97      0.98        66
         7.0       0.97      0.97      0.97        62
         8.0       0.94      0.91      0.92        54
         9.0       0.93      0.98      0.95        63

    accuracy                           0.97       600
   macro avg       0.97      0.97      0.97       600
weighted avg       0.98      0.97      0.98       600
Time ellapsed: 0.7434787750244141