K = 1, Metric = cityblock
Accuracy:  0.9716666666666667
[[53  0  0  0  0  1  1  0  0  0]
 [ 0 48  1  0  0  0  0  0  0  0]
 [ 0  0 64  0  0  0  0  1  0  1]
 [ 0  0  0 67  0  0  0  0  2  0]
 [ 0  0  0  0 56  0  0  0  0  3]
 [ 0  0  0  0  0 55  1  0  1  0]
 [ 1  0  0  0  0  0 64  0  1  0]
 [ 1  0  0  0  0  0  0 60  0  1]
 [ 0  0  0  0  0  0  0  0 53  1]
 [ 0  0  0  0  0  0  0  0  0 63]]
              precision    recall  f1-score   support

         0.0       0.96      0.96      0.96        55
         1.0       1.00      0.98      0.99        49
         2.0       0.98      0.97      0.98        66
         3.0       1.00      0.97      0.99        69
         4.0       1.00      0.95      0.97        59
         5.0       0.98      0.96      0.97        57
         6.0       0.97      0.97      0.97        66
         7.0       0.98      0.97      0.98        62
         8.0       0.93      0.98      0.95        54
         9.0       0.91      1.00      0.95        63

    accuracy                           0.97       600
   macro avg       0.97      0.97      0.97       600
weighted avg       0.97      0.97      0.97       600

K = 1, Metric = cosine
Accuracy:  0.9666666666666667
[[53  0  0  0  0  1  1  0  0  0]
 [ 0 48  1  0  0  0  0  0  0  0]
 [ 0  0 64  0  0  0  0  1  0  1]
 [ 0  0  1 66  0  0  0  0  2  0]
 [ 0  0  0  0 56  0  0  0  0  3]
 [ 0  0  0  0  0 55  1  0  1  0]
 [ 1  0  0  0  0  0 64  0  1  0]
 [ 1  0  0  0  1  0  0 59  0  1]
 [ 0  0  0  0  0  0  0  0 53  1]
 [ 0  0  0  0  0  0  0  1  0 62]]
              precision    recall  f1-score   support

         0.0       0.96      0.96      0.96        55
         1.0       1.00      0.98      0.99        49
         2.0       0.97      0.97      0.97        66
         3.0       1.00      0.96      0.98        69
         4.0       0.98      0.95      0.97        59
         5.0       0.98      0.96      0.97        57
         6.0       0.97      0.97      0.97        66
         7.0       0.97      0.95      0.96        62
         8.0       0.93      0.98      0.95        54
         9.0       0.91      0.98      0.95        63

    accuracy                           0.97       600
   macro avg       0.97      0.97      0.97       600
weighted avg       0.97      0.97      0.97       600

K = 1, Metric = euclidean
Accuracy:  0.9666666666666667
[[53  0  0  0  0  1  1  0  0  0]
 [ 0 48  1  0  0  0  0  0  0  0]
 [ 0  0 64  0  0  0  0  1  0  1]
 [ 0  0  1 66  0  0  0  0  2  0]
 [ 0  0  0  0 56  0  0  0  0  3]
 [ 0  0  0  0  0 55  1  0  1  0]
 [ 1  0  0  0  0  0 64  0  1  0]
 [ 1  0  0  0  1  0  0 59  0  1]
 [ 0  0  0  0  0  0  0  0 53  1]
 [ 0  0  0  0  0  0  0  1  0 62]]
              precision    recall  f1-score   support

         0.0       0.96      0.96      0.96        55
         1.0       1.00      0.98      0.99        49
         2.0       0.97      0.97      0.97        66
         3.0       1.00      0.96      0.98        69
         4.0       0.98      0.95      0.97        59
         5.0       0.98      0.96      0.97        57
         6.0       0.97      0.97      0.97        66
         7.0       0.97      0.95      0.96        62
         8.0       0.93      0.98      0.95        54
         9.0       0.91      0.98      0.95        63

    accuracy                           0.97       600
   macro avg       0.97      0.97      0.97       600
weighted avg       0.97      0.97      0.97       600

K = 1, Metric = l1
Accuracy:  0.9716666666666667
[[53  0  0  0  0  1  1  0  0  0]
 [ 0 48  1  0  0  0  0  0  0  0]
 [ 0  0 64  0  0  0  0  1  0  1]
 [ 0  0  0 67  0  0  0  0  2  0]
 [ 0  0  0  0 56  0  0  0  0  3]
 [ 0  0  0  0  0 55  1  0  1  0]
 [ 1  0  0  0  0  0 64  0  1  0]
 [ 1  0  0  0  0  0  0 60  0  1]
 [ 0  0  0  0  0  0  0  0 53  1]
 [ 0  0  0  0  0  0  0  0  0 63]]
              precision    recall  f1-score   support

         0.0       0.96      0.96      0.96        55
         1.0       1.00      0.98      0.99        49
         2.0       0.98      0.97      0.98        66
         3.0       1.00      0.97      0.99        69
         4.0       1.00      0.95      0.97        59
         5.0       0.98      0.96      0.97        57
         6.0       0.97      0.97      0.97        66
         7.0       0.98      0.97      0.98        62
         8.0       0.93      0.98      0.95        54
         9.0       0.91      1.00      0.95        63

    accuracy                           0.97       600
   macro avg       0.97      0.97      0.97       600
weighted avg       0.97      0.97      0.97       600

K = 1, Metric = l2
Accuracy:  0.9666666666666667
[[53  0  0  0  0  1  1  0  0  0]
 [ 0 48  1  0  0  0  0  0  0  0]
 [ 0  0 64  0  0  0  0  1  0  1]
 [ 0  0  1 66  0  0  0  0  2  0]
 [ 0  0  0  0 56  0  0  0  0  3]
 [ 0  0  0  0  0 55  1  0  1  0]
 [ 1  0  0  0  0  0 64  0  1  0]
 [ 1  0  0  0  1  0  0 59  0  1]
 [ 0  0  0  0  0  0  0  0 53  1]
 [ 0  0  0  0  0  0  0  1  0 62]]
              precision    recall  f1-score   support

         0.0       0.96      0.96      0.96        55
         1.0       1.00      0.98      0.99        49
         2.0       0.97      0.97      0.97        66
         3.0       1.00      0.96      0.98        69
         4.0       0.98      0.95      0.97        59
         5.0       0.98      0.96      0.97        57
         6.0       0.97      0.97      0.97        66
         7.0       0.97      0.95      0.96        62
         8.0       0.93      0.98      0.95        54
         9.0       0.91      0.98      0.95        63

    accuracy                           0.97       600
   macro avg       0.97      0.97      0.97       600
weighted avg       0.97      0.97      0.97       600

K = 1, Metric = manhattan
Accuracy:  0.9716666666666667
[[53  0  0  0  0  1  1  0  0  0]
 [ 0 48  1  0  0  0  0  0  0  0]
 [ 0  0 64  0  0  0  0  1  0  1]
 [ 0  0  0 67  0  0  0  0  2  0]
 [ 0  0  0  0 56  0  0  0  0  3]
 [ 0  0  0  0  0 55  1  0  1  0]
 [ 1  0  0  0  0  0 64  0  1  0]
 [ 1  0  0  0  0  0  0 60  0  1]
 [ 0  0  0  0  0  0  0  0 53  1]
 [ 0  0  0  0  0  0  0  0  0 63]]
              precision    recall  f1-score   support

         0.0       0.96      0.96      0.96        55
         1.0       1.00      0.98      0.99        49
         2.0       0.98      0.97      0.98        66
         3.0       1.00      0.97      0.99        69
         4.0       1.00      0.95      0.97        59
         5.0       0.98      0.96      0.97        57
         6.0       0.97      0.97      0.97        66
         7.0       0.98      0.97      0.98        62
         8.0       0.93      0.98      0.95        54
         9.0       0.91      1.00      0.95        63

    accuracy                           0.97       600
   macro avg       0.97      0.97      0.97       600
weighted avg       0.97      0.97      0.97       600

K = 1, Metric = nan_euclidean
Accuracy:  0.9666666666666667
[[53  0  0  0  0  1  1  0  0  0]
 [ 0 48  1  0  0  0  0  0  0  0]
 [ 0  0 64  0  0  0  0  1  0  1]
 [ 0  0  1 66  0  0  0  0  2  0]
 [ 0  0  0  0 56  0  0  0  0  3]
 [ 0  0  0  0  0 55  1  0  1  0]
 [ 1  0  0  0  0  0 64  0  1  0]
 [ 1  0  0  0  1  0  0 59  0  1]
 [ 0  0  0  0  0  0  0  0 53  1]
 [ 0  0  0  0  0  0  0  1  0 62]]
              precision    recall  f1-score   support

         0.0       0.96      0.96      0.96        55
         1.0       1.00      0.98      0.99        49
         2.0       0.97      0.97      0.97        66
         3.0       1.00      0.96      0.98        69
         4.0       0.98      0.95      0.97        59
         5.0       0.98      0.96      0.97        57
         6.0       0.97      0.97      0.97        66
         7.0       0.97      0.95      0.96        62
         8.0       0.93      0.98      0.95        54
         9.0       0.91      0.98      0.95        63

    accuracy                           0.97       600
   macro avg       0.97      0.97      0.97       600
weighted avg       0.97      0.97      0.97       600

K = 2, Metric = cityblock
Accuracy:  0.9666666666666667
[[54  0  0  0  0  1  0  0  0  0]
 [ 0 49  0  0  0  0  0  0  0  0]
 [ 1  1 63  0  0  0  0  1  0  0]
 [ 0  0  3 65  0  0  0  0  1  0]
 [ 0  0  0  0 58  0  0  0  0  1]
 [ 0  0  0  1  0 56  0  0  0  0]
 [ 1  0  0  0  0  0 65  0  0  0]
 [ 2  0  0  0  1  0  0 59  0  0]
 [ 1  0  0  2  0  1  0  0 49  1]
 [ 0  0  0  0  0  0  0  1  0 62]]
              precision    recall  f1-score   support

         0.0       0.92      0.98      0.95        55
         1.0       0.98      1.00      0.99        49
         2.0       0.95      0.95      0.95        66
         3.0       0.96      0.94      0.95        69
         4.0       0.98      0.98      0.98        59
         5.0       0.97      0.98      0.97        57
         6.0       1.00      0.98      0.99        66
         7.0       0.97      0.95      0.96        62
         8.0       0.98      0.91      0.94        54
         9.0       0.97      0.98      0.98        63

    accuracy                           0.97       600
   macro avg       0.97      0.97      0.97       600
weighted avg       0.97      0.97      0.97       600

K = 2, Metric = cosine
Accuracy:  0.9683333333333334
[[54  0  0  0  0  1  0  0  0  0]
 [ 0 49  0  0  0  0  0  0  0  0]
 [ 0  0 64  0  0  0  0  1  1  0]
 [ 0  0  2 66  0  0  0  0  1  0]
 [ 0  0  0  0 59  0  0  0  0  0]
 [ 0  0  0  1  0 54  1  0  1  0]
 [ 1  0  0  0  0  0 65  0  0  0]
 [ 2  0  0  0  1  0  0 58  0  1]
 [ 1  0  0  1  0  1  0  0 50  1]
 [ 0  0  0  0  0  0  0  1  0 62]]
              precision    recall  f1-score   support

         0.0       0.93      0.98      0.96        55
         1.0       1.00      1.00      1.00        49
         2.0       0.97      0.97      0.97        66
         3.0       0.97      0.96      0.96        69
         4.0       0.98      1.00      0.99        59
         5.0       0.96      0.95      0.96        57
         6.0       0.98      0.98      0.98        66
         7.0       0.97      0.94      0.95        62
         8.0       0.94      0.93      0.93        54
         9.0       0.97      0.98      0.98        63

    accuracy                           0.97       600
   macro avg       0.97      0.97      0.97       600
weighted avg       0.97      0.97      0.97       600

K = 2, Metric = euclidean
Accuracy:  0.9683333333333334
[[54  0  0  0  0  1  0  0  0  0]
 [ 0 49  0  0  0  0  0  0  0  0]
 [ 0  0 64  0  0  0  0  1  1  0]
 [ 0  0  2 66  0  0  0  0  1  0]
 [ 0  0  0  0 59  0  0  0  0  0]
 [ 0  0  0  1  0 54  1  0  1  0]
 [ 1  0  0  0  0  0 65  0  0  0]
 [ 2  0  0  0  1  0  0 58  0  1]
 [ 1  0  0  1  0  1  0  0 50  1]
 [ 0  0  0  0  0  0  0  1  0 62]]
              precision    recall  f1-score   support

         0.0       0.93      0.98      0.96        55
         1.0       1.00      1.00      1.00        49
         2.0       0.97      0.97      0.97        66
         3.0       0.97      0.96      0.96        69
         4.0       0.98      1.00      0.99        59
         5.0       0.96      0.95      0.96        57
         6.0       0.98      0.98      0.98        66
         7.0       0.97      0.94      0.95        62
         8.0       0.94      0.93      0.93        54
         9.0       0.97      0.98      0.98        63

    accuracy                           0.97       600
   macro avg       0.97      0.97      0.97       600
weighted avg       0.97      0.97      0.97       600

K = 2, Metric = l1
Accuracy:  0.9666666666666667
[[54  0  0  0  0  1  0  0  0  0]
 [ 0 49  0  0  0  0  0  0  0  0]
 [ 1  1 63  0  0  0  0  1  0  0]
 [ 0  0  3 65  0  0  0  0  1  0]
 [ 0  0  0  0 58  0  0  0  0  1]
 [ 0  0  0  1  0 56  0  0  0  0]
 [ 1  0  0  0  0  0 65  0  0  0]
 [ 2  0  0  0  1  0  0 59  0  0]
 [ 1  0  0  2  0  1  0  0 49  1]
 [ 0  0  0  0  0  0  0  1  0 62]]
              precision    recall  f1-score   support

         0.0       0.92      0.98      0.95        55
         1.0       0.98      1.00      0.99        49
         2.0       0.95      0.95      0.95        66
         3.0       0.96      0.94      0.95        69
         4.0       0.98      0.98      0.98        59
         5.0       0.97      0.98      0.97        57
         6.0       1.00      0.98      0.99        66
         7.0       0.97      0.95      0.96        62
         8.0       0.98      0.91      0.94        54
         9.0       0.97      0.98      0.98        63

    accuracy                           0.97       600
   macro avg       0.97      0.97      0.97       600
weighted avg       0.97      0.97      0.97       600

K = 2, Metric = l2
Accuracy:  0.9683333333333334
[[54  0  0  0  0  1  0  0  0  0]
 [ 0 49  0  0  0  0  0  0  0  0]
 [ 0  0 64  0  0  0  0  1  1  0]
 [ 0  0  2 66  0  0  0  0  1  0]
 [ 0  0  0  0 59  0  0  0  0  0]
 [ 0  0  0  1  0 54  1  0  1  0]
 [ 1  0  0  0  0  0 65  0  0  0]
 [ 2  0  0  0  1  0  0 58  0  1]
 [ 1  0  0  1  0  1  0  0 50  1]
 [ 0  0  0  0  0  0  0  1  0 62]]
              precision    recall  f1-score   support

         0.0       0.93      0.98      0.96        55
         1.0       1.00      1.00      1.00        49
         2.0       0.97      0.97      0.97        66
         3.0       0.97      0.96      0.96        69
         4.0       0.98      1.00      0.99        59
         5.0       0.96      0.95      0.96        57
         6.0       0.98      0.98      0.98        66
         7.0       0.97      0.94      0.95        62
         8.0       0.94      0.93      0.93        54
         9.0       0.97      0.98      0.98        63

    accuracy                           0.97       600
   macro avg       0.97      0.97      0.97       600
weighted avg       0.97      0.97      0.97       600

K = 2, Metric = manhattan
Accuracy:  0.9666666666666667
[[54  0  0  0  0  1  0  0  0  0]
 [ 0 49  0  0  0  0  0  0  0  0]
 [ 1  1 63  0  0  0  0  1  0  0]
 [ 0  0  3 65  0  0  0  0  1  0]
 [ 0  0  0  0 58  0  0  0  0  1]
 [ 0  0  0  1  0 56  0  0  0  0]
 [ 1  0  0  0  0  0 65  0  0  0]
 [ 2  0  0  0  1  0  0 59  0  0]
 [ 1  0  0  2  0  1  0  0 49  1]
 [ 0  0  0  0  0  0  0  1  0 62]]
              precision    recall  f1-score   support

         0.0       0.92      0.98      0.95        55
         1.0       0.98      1.00      0.99        49
         2.0       0.95      0.95      0.95        66
         3.0       0.96      0.94      0.95        69
         4.0       0.98      0.98      0.98        59
         5.0       0.97      0.98      0.97        57
         6.0       1.00      0.98      0.99        66
         7.0       0.97      0.95      0.96        62
         8.0       0.98      0.91      0.94        54
         9.0       0.97      0.98      0.98        63

    accuracy                           0.97       600
   macro avg       0.97      0.97      0.97       600
weighted avg       0.97      0.97      0.97       600

K = 2, Metric = nan_euclidean
Accuracy:  0.9683333333333334
[[54  0  0  0  0  1  0  0  0  0]
 [ 0 49  0  0  0  0  0  0  0  0]
 [ 0  0 64  0  0  0  0  1  1  0]
 [ 0  0  2 66  0  0  0  0  1  0]
 [ 0  0  0  0 59  0  0  0  0  0]
 [ 0  0  0  1  0 54  1  0  1  0]
 [ 1  0  0  0  0  0 65  0  0  0]
 [ 2  0  0  0  1  0  0 58  0  1]
 [ 1  0  0  1  0  1  0  0 50  1]
 [ 0  0  0  0  0  0  0  1  0 62]]
              precision    recall  f1-score   support

         0.0       0.93      0.98      0.96        55
         1.0       1.00      1.00      1.00        49
         2.0       0.97      0.97      0.97        66
         3.0       0.97      0.96      0.96        69
         4.0       0.98      1.00      0.99        59
         5.0       0.96      0.95      0.96        57
         6.0       0.98      0.98      0.98        66
         7.0       0.97      0.94      0.95        62
         8.0       0.94      0.93      0.93        54
         9.0       0.97      0.98      0.98        63

    accuracy                           0.97       600
   macro avg       0.97      0.97      0.97       600
weighted avg       0.97      0.97      0.97       600

K = 3, Metric = cityblock
Accuracy:  0.9666666666666667
[[54  0  0  0  0  1  0  0  0  0]
 [ 0 48  1  0  0  0  0  0  0  0]
 [ 0  1 64  0  0  0  0  1  0  0]
 [ 0  0  1 65  0  1  0  0  2  0]
 [ 0  0  0  0 58  0  0  0  0  1]
 [ 0  0  0  0  0 54  1  0  1  1]
 [ 1  0  0  0  0  1 64  0  0  0]
 [ 0  0  0  0  0  0  0 62  0  0]
 [ 1  0  0  1  0  1  0  0 49  2]
 [ 0  0  0  0  0  0  0  1  0 62]]
              precision    recall  f1-score   support

         0.0       0.96      0.98      0.97        55
         1.0       0.98      0.98      0.98        49
         2.0       0.97      0.97      0.97        66
         3.0       0.98      0.94      0.96        69
         4.0       1.00      0.98      0.99        59
         5.0       0.93      0.95      0.94        57
         6.0       0.98      0.97      0.98        66
         7.0       0.97      1.00      0.98        62
         8.0       0.94      0.91      0.92        54
         9.0       0.94      0.98      0.96        63

    accuracy                           0.97       600
   macro avg       0.97      0.97      0.97       600
weighted avg       0.97      0.97      0.97       600

K = 3, Metric = cosine
Accuracy:  0.9716666666666667
[[54  0  0  0  0  1  0  0  0  0]
 [ 0 49  0  0  0  0  0  0  0  0]
 [ 0  0 64  0  0  0  0  1  1  0]
 [ 0  0  0 67  0  0  0  0  2  0]
 [ 0  0  0  0 58  0  0  0  0  1]
 [ 0  0  0  0  0 55  1  0  1  0]
 [ 0  0  0  0  0  0 65  0  1  0]
 [ 0  0  0  0  0  0  0 60  0  2]
 [ 1  0  0  1  0  1  0  0 49  2]
 [ 0  0  0  0  0  0  0  1  0 62]]
              precision    recall  f1-score   support

         0.0       0.98      0.98      0.98        55
         1.0       1.00      1.00      1.00        49
         2.0       1.00      0.97      0.98        66
         3.0       0.99      0.97      0.98        69
         4.0       1.00      0.98      0.99        59
         5.0       0.96      0.96      0.96        57
         6.0       0.98      0.98      0.98        66
         7.0       0.97      0.97      0.97        62
         8.0       0.91      0.91      0.91        54
         9.0       0.93      0.98      0.95        63

    accuracy                           0.97       600
   macro avg       0.97      0.97      0.97       600
weighted avg       0.97      0.97      0.97       600

K = 3, Metric = euclidean
Accuracy:  0.9683333333333334
[[54  0  0  0  0  1  0  0  0  0]
 [ 0 48  1  0  0  0  0  0  0  0]
 [ 0  0 64  0  0  0  0  1  1  0]
 [ 0  0  0 67  0  0  0  0  2  0]
 [ 0  0  0  0 58  0  0  0  0  1]
 [ 0  0  0  0  0 54  1  0  2  0]
 [ 0  0  0  0  0  0 65  0  1  0]
 [ 0  0  0  0  0  0  0 60  0  2]
 [ 1  0  0  1  0  1  0  0 49  2]
 [ 0  0  0  0  0  0  0  1  0 62]]
              precision    recall  f1-score   support

         0.0       0.98      0.98      0.98        55
         1.0       1.00      0.98      0.99        49
         2.0       0.98      0.97      0.98        66
         3.0       0.99      0.97      0.98        69
         4.0       1.00      0.98      0.99        59
         5.0       0.96      0.95      0.96        57
         6.0       0.98      0.98      0.98        66
         7.0       0.97      0.97      0.97        62
         8.0       0.89      0.91      0.90        54
         9.0       0.93      0.98      0.95        63

    accuracy                           0.97       600
   macro avg       0.97      0.97      0.97       600
weighted avg       0.97      0.97      0.97       600

K = 3, Metric = l1
Accuracy:  0.9666666666666667
[[54  0  0  0  0  1  0  0  0  0]
 [ 0 48  1  0  0  0  0  0  0  0]
 [ 0  1 64  0  0  0  0  1  0  0]
 [ 0  0  1 65  0  1  0  0  2  0]
 [ 0  0  0  0 58  0  0  0  0  1]
 [ 0  0  0  0  0 54  1  0  1  1]
 [ 1  0  0  0  0  1 64  0  0  0]
 [ 0  0  0  0  0  0  0 62  0  0]
 [ 1  0  0  1  0  1  0  0 49  2]
 [ 0  0  0  0  0  0  0  1  0 62]]
              precision    recall  f1-score   support

         0.0       0.96      0.98      0.97        55
         1.0       0.98      0.98      0.98        49
         2.0       0.97      0.97      0.97        66
         3.0       0.98      0.94      0.96        69
         4.0       1.00      0.98      0.99        59
         5.0       0.93      0.95      0.94        57
         6.0       0.98      0.97      0.98        66
         7.0       0.97      1.00      0.98        62
         8.0       0.94      0.91      0.92        54
         9.0       0.94      0.98      0.96        63

    accuracy                           0.97       600
   macro avg       0.97      0.97      0.97       600
weighted avg       0.97      0.97      0.97       600

K = 3, Metric = l2
Accuracy:  0.9683333333333334
[[54  0  0  0  0  1  0  0  0  0]
 [ 0 48  1  0  0  0  0  0  0  0]
 [ 0  0 64  0  0  0  0  1  1  0]
 [ 0  0  0 67  0  0  0  0  2  0]
 [ 0  0  0  0 58  0  0  0  0  1]
 [ 0  0  0  0  0 54  1  0  2  0]
 [ 0  0  0  0  0  0 65  0  1  0]
 [ 0  0  0  0  0  0  0 60  0  2]
 [ 1  0  0  1  0  1  0  0 49  2]
 [ 0  0  0  0  0  0  0  1  0 62]]
              precision    recall  f1-score   support

         0.0       0.98      0.98      0.98        55
         1.0       1.00      0.98      0.99        49
         2.0       0.98      0.97      0.98        66
         3.0       0.99      0.97      0.98        69
         4.0       1.00      0.98      0.99        59
         5.0       0.96      0.95      0.96        57
         6.0       0.98      0.98      0.98        66
         7.0       0.97      0.97      0.97        62
         8.0       0.89      0.91      0.90        54
         9.0       0.93      0.98      0.95        63

    accuracy                           0.97       600
   macro avg       0.97      0.97      0.97       600
weighted avg       0.97      0.97      0.97       600

K = 3, Metric = manhattan
Accuracy:  0.9666666666666667
[[54  0  0  0  0  1  0  0  0  0]
 [ 0 48  1  0  0  0  0  0  0  0]
 [ 0  1 64  0  0  0  0  1  0  0]
 [ 0  0  1 65  0  1  0  0  2  0]
 [ 0  0  0  0 58  0  0  0  0  1]
 [ 0  0  0  0  0 54  1  0  1  1]
 [ 1  0  0  0  0  1 64  0  0  0]
 [ 0  0  0  0  0  0  0 62  0  0]
 [ 1  0  0  1  0  1  0  0 49  2]
 [ 0  0  0  0  0  0  0  1  0 62]]
              precision    recall  f1-score   support

         0.0       0.96      0.98      0.97        55
         1.0       0.98      0.98      0.98        49
         2.0       0.97      0.97      0.97        66
         3.0       0.98      0.94      0.96        69
         4.0       1.00      0.98      0.99        59
         5.0       0.93      0.95      0.94        57
         6.0       0.98      0.97      0.98        66
         7.0       0.97      1.00      0.98        62
         8.0       0.94      0.91      0.92        54
         9.0       0.94      0.98      0.96        63

    accuracy                           0.97       600
   macro avg       0.97      0.97      0.97       600
weighted avg       0.97      0.97      0.97       600

K = 3, Metric = nan_euclidean
Accuracy:  0.9683333333333334
[[54  0  0  0  0  1  0  0  0  0]
 [ 0 48  1  0  0  0  0  0  0  0]
 [ 0  0 64  0  0  0  0  1  1  0]
 [ 0  0  0 67  0  0  0  0  2  0]
 [ 0  0  0  0 58  0  0  0  0  1]
 [ 0  0  0  0  0 54  1  0  2  0]
 [ 0  0  0  0  0  0 65  0  1  0]
 [ 0  0  0  0  0  0  0 60  0  2]
 [ 1  0  0  1  0  1  0  0 49  2]
 [ 0  0  0  0  0  0  0  1  0 62]]
              precision    recall  f1-score   support

         0.0       0.98      0.98      0.98        55
         1.0       1.00      0.98      0.99        49
         2.0       0.98      0.97      0.98        66
         3.0       0.99      0.97      0.98        69
         4.0       1.00      0.98      0.99        59
         5.0       0.96      0.95      0.96        57
         6.0       0.98      0.98      0.98        66
         7.0       0.97      0.97      0.97        62
         8.0       0.89      0.91      0.90        54
         9.0       0.93      0.98      0.95        63

    accuracy                           0.97       600
   macro avg       0.97      0.97      0.97       600
weighted avg       0.97      0.97      0.97       600

K = 4, Metric = cityblock
Accuracy:  0.9633333333333334
[[54  0  0  0  0  1  0  0  0  0]
 [ 0 49  0  0  0  0  0  0  0  0]
 [ 0  2 63  0  0  0  0  1  0  0]
 [ 0  0  1 67  0  1  0  0  0  0]
 [ 0  0  0  0 59  0  0  0  0  0]
 [ 0  0  0  0  0 54  1  0  1  1]
 [ 1  1  0  0  0  1 63  0  0  0]
 [ 1  0  0  0  0  0  0 61  0  0]
 [ 1  0  0  3  0  1  0  0 47  2]
 [ 0  0  0  0  0  0  0  2  0 61]]
              precision    recall  f1-score   support

         0.0       0.95      0.98      0.96        55
         1.0       0.94      1.00      0.97        49
         2.0       0.98      0.95      0.97        66
         3.0       0.96      0.97      0.96        69
         4.0       1.00      1.00      1.00        59
         5.0       0.93      0.95      0.94        57
         6.0       0.98      0.95      0.97        66
         7.0       0.95      0.98      0.97        62
         8.0       0.98      0.87      0.92        54
         9.0       0.95      0.97      0.96        63

    accuracy                           0.96       600
   macro avg       0.96      0.96      0.96       600
weighted avg       0.96      0.96      0.96       600

K = 4, Metric = cosine
Accuracy:  0.975
[[54  0  0  0  0  1  0  0  0  0]
 [ 0 49  0  0  0  0  0  0  0  0]
 [ 0  0 64  0  0  0  0  1  1  0]
 [ 0  0  0 69  0  0  0  0  0  0]
 [ 0  0  0  0 58  0  0  0  0  1]
 [ 0  0  0  0  0 56  0  0  1  0]
 [ 0  1  0  0  0  0 64  0  1  0]
 [ 0  0  0  0  0  0  0 60  0  2]
 [ 1  0  0  1  0  1  0  0 49  2]
 [ 0  0  0  0  0  0  0  1  0 62]]
              precision    recall  f1-score   support

         0.0       0.98      0.98      0.98        55
         1.0       0.98      1.00      0.99        49
         2.0       1.00      0.97      0.98        66
         3.0       0.99      1.00      0.99        69
         4.0       1.00      0.98      0.99        59
         5.0       0.97      0.98      0.97        57
         6.0       1.00      0.97      0.98        66
         7.0       0.97      0.97      0.97        62
         8.0       0.94      0.91      0.92        54
         9.0       0.93      0.98      0.95        63

    accuracy                           0.97       600
   macro avg       0.97      0.97      0.97       600
weighted avg       0.98      0.97      0.98       600

K = 4, Metric = euclidean
Accuracy:  0.975
[[54  0  0  0  0  1  0  0  0  0]
 [ 0 49  0  0  0  0  0  0  0  0]
 [ 0  0 64  0  0  0  0  1  1  0]
 [ 0  0  0 69  0  0  0  0  0  0]
 [ 0  0  0  0 58  0  0  0  0  1]
 [ 0  0  0  0  0 56  0  0  1  0]
 [ 0  1  0  0  0  0 64  0  1  0]
 [ 0  0  0  0  0  0  0 60  0  2]
 [ 1  0  0  1  0  1  0  0 49  2]
 [ 0  0  0  0  0  0  0  1  0 62]]
              precision    recall  f1-score   support

         0.0       0.98      0.98      0.98        55
         1.0       0.98      1.00      0.99        49
         2.0       1.00      0.97      0.98        66
         3.0       0.99      1.00      0.99        69
         4.0       1.00      0.98      0.99        59
         5.0       0.97      0.98      0.97        57
         6.0       1.00      0.97      0.98        66
         7.0       0.97      0.97      0.97        62
         8.0       0.94      0.91      0.92        54
         9.0       0.93      0.98      0.95        63

    accuracy                           0.97       600
   macro avg       0.97      0.97      0.97       600
weighted avg       0.98      0.97      0.98       600

K = 4, Metric = l1
Accuracy:  0.9633333333333334
[[54  0  0  0  0  1  0  0  0  0]
 [ 0 49  0  0  0  0  0  0  0  0]
 [ 0  2 63  0  0  0  0  1  0  0]
 [ 0  0  1 67  0  1  0  0  0  0]
 [ 0  0  0  0 59  0  0  0  0  0]
 [ 0  0  0  0  0 54  1  0  1  1]
 [ 1  1  0  0  0  1 63  0  0  0]
 [ 1  0  0  0  0  0  0 61  0  0]
 [ 1  0  0  3  0  1  0  0 47  2]
 [ 0  0  0  0  0  0  0  2  0 61]]
              precision    recall  f1-score   support

         0.0       0.95      0.98      0.96        55
         1.0       0.94      1.00      0.97        49
         2.0       0.98      0.95      0.97        66
         3.0       0.96      0.97      0.96        69
         4.0       1.00      1.00      1.00        59
         5.0       0.93      0.95      0.94        57
         6.0       0.98      0.95      0.97        66
         7.0       0.95      0.98      0.97        62
         8.0       0.98      0.87      0.92        54
         9.0       0.95      0.97      0.96        63

    accuracy                           0.96       600
   macro avg       0.96      0.96      0.96       600
weighted avg       0.96      0.96      0.96       600

K = 4, Metric = l2
Accuracy:  0.975
[[54  0  0  0  0  1  0  0  0  0]
 [ 0 49  0  0  0  0  0  0  0  0]
 [ 0  0 64  0  0  0  0  1  1  0]
 [ 0  0  0 69  0  0  0  0  0  0]
 [ 0  0  0  0 58  0  0  0  0  1]
 [ 0  0  0  0  0 56  0  0  1  0]
 [ 0  1  0  0  0  0 64  0  1  0]
 [ 0  0  0  0  0  0  0 60  0  2]
 [ 1  0  0  1  0  1  0  0 49  2]
 [ 0  0  0  0  0  0  0  1  0 62]]
              precision    recall  f1-score   support

         0.0       0.98      0.98      0.98        55
         1.0       0.98      1.00      0.99        49
         2.0       1.00      0.97      0.98        66
         3.0       0.99      1.00      0.99        69
         4.0       1.00      0.98      0.99        59
         5.0       0.97      0.98      0.97        57
         6.0       1.00      0.97      0.98        66
         7.0       0.97      0.97      0.97        62
         8.0       0.94      0.91      0.92        54
         9.0       0.93      0.98      0.95        63

    accuracy                           0.97       600
   macro avg       0.97      0.97      0.97       600
weighted avg       0.98      0.97      0.98       600

K = 4, Metric = manhattan
Accuracy:  0.9633333333333334
[[54  0  0  0  0  1  0  0  0  0]
 [ 0 49  0  0  0  0  0  0  0  0]
 [ 0  2 63  0  0  0  0  1  0  0]
 [ 0  0  1 67  0  1  0  0  0  0]
 [ 0  0  0  0 59  0  0  0  0  0]
 [ 0  0  0  0  0 54  1  0  1  1]
 [ 1  1  0  0  0  1 63  0  0  0]
 [ 1  0  0  0  0  0  0 61  0  0]
 [ 1  0  0  3  0  1  0  0 47  2]
 [ 0  0  0  0  0  0  0  2  0 61]]
              precision    recall  f1-score   support

         0.0       0.95      0.98      0.96        55
         1.0       0.94      1.00      0.97        49
         2.0       0.98      0.95      0.97        66
         3.0       0.96      0.97      0.96        69
         4.0       1.00      1.00      1.00        59
         5.0       0.93      0.95      0.94        57
         6.0       0.98      0.95      0.97        66
         7.0       0.95      0.98      0.97        62
         8.0       0.98      0.87      0.92        54
         9.0       0.95      0.97      0.96        63

    accuracy                           0.96       600
   macro avg       0.96      0.96      0.96       600
weighted avg       0.96      0.96      0.96       600

K = 4, Metric = nan_euclidean
Accuracy:  0.975
[[54  0  0  0  0  1  0  0  0  0]
 [ 0 49  0  0  0  0  0  0  0  0]
 [ 0  0 64  0  0  0  0  1  1  0]
 [ 0  0  0 69  0  0  0  0  0  0]
 [ 0  0  0  0 58  0  0  0  0  1]
 [ 0  0  0  0  0 56  0  0  1  0]
 [ 0  1  0  0  0  0 64  0  1  0]
 [ 0  0  0  0  0  0  0 60  0  2]
 [ 1  0  0  1  0  1  0  0 49  2]
 [ 0  0  0  0  0  0  0  1  0 62]]
              precision    recall  f1-score   support

         0.0       0.98      0.98      0.98        55
         1.0       0.98      1.00      0.99        49
         2.0       1.00      0.97      0.98        66
         3.0       0.99      1.00      0.99        69
         4.0       1.00      0.98      0.99        59
         5.0       0.97      0.98      0.97        57
         6.0       1.00      0.97      0.98        66
         7.0       0.97      0.97      0.97        62
         8.0       0.94      0.91      0.92        54
         9.0       0.93      0.98      0.95        63

    accuracy                           0.97       600
   macro avg       0.97      0.97      0.97       600
weighted avg       0.98      0.97      0.98       600

K = 5, Metric = cityblock
Accuracy:  0.965
[[54  0  0  0  0  1  0  0  0  0]
 [ 0 49  0  0  0  0  0  0  0  0]
 [ 0  1 64  0  0  0  0  1  0  0]
 [ 0  0  1 67  0  1  0  0  0  0]
 [ 0  0  0  0 56  0  0  0  0  3]
 [ 0  0  0  0  0 54  1  0  1  1]
 [ 1  1  0  0  0  1 63  0  0  0]
 [ 1  0  0  0  0  0  0 61  0  0]
 [ 1  0  0  2  0  1  0  0 48  2]
 [ 0  0  0  0  0  0  0  0  0 63]]
              precision    recall  f1-score   support

         0.0       0.95      0.98      0.96        55
         1.0       0.96      1.00      0.98        49
         2.0       0.98      0.97      0.98        66
         3.0       0.97      0.97      0.97        69
         4.0       1.00      0.95      0.97        59
         5.0       0.93      0.95      0.94        57
         6.0       0.98      0.95      0.97        66
         7.0       0.98      0.98      0.98        62
         8.0       0.98      0.89      0.93        54
         9.0       0.91      1.00      0.95        63

    accuracy                           0.96       600
   macro avg       0.97      0.96      0.96       600
weighted avg       0.97      0.96      0.96       600

K = 5, Metric = cosine
Accuracy:  0.97
[[54  0  0  0  0  1  0  0  0  0]
 [ 0 48  1  0  0  0  0  0  0  0]
 [ 0  0 65  0  0  0  0  1  0  0]
 [ 0  0  0 68  0  1  0  0  0  0]
 [ 0  0  0  0 56  0  0  0  0  3]
 [ 0  0  0  0  0 55  0  0  1  1]
 [ 0  1  0  0  0  0 64  0  1  0]
 [ 1  0  0  0  0  0  0 59  1  1]
 [ 1  0  0  0  0  1  0  0 50  2]
 [ 0  0  0  0  0  0  0  0  0 63]]
              precision    recall  f1-score   support

         0.0       0.96      0.98      0.97        55
         1.0       0.98      0.98      0.98        49
         2.0       0.98      0.98      0.98        66
         3.0       1.00      0.99      0.99        69
         4.0       1.00      0.95      0.97        59
         5.0       0.95      0.96      0.96        57
         6.0       1.00      0.97      0.98        66
         7.0       0.98      0.95      0.97        62
         8.0       0.94      0.93      0.93        54
         9.0       0.90      1.00      0.95        63

    accuracy                           0.97       600
   macro avg       0.97      0.97      0.97       600
weighted avg       0.97      0.97      0.97       600

K = 5, Metric = euclidean
Accuracy:  0.97
[[54  0  0  0  0  1  0  0  0  0]
 [ 0 48  1  0  0  0  0  0  0  0]
 [ 0  0 65  0  0  0  0  1  0  0]
 [ 0  0  0 68  0  1  0  0  0  0]
 [ 0  0  0  0 56  0  0  0  0  3]
 [ 0  0  0  0  0 55  0  0  1  1]
 [ 0  1  0  0  0  0 64  0  1  0]
 [ 1  0  0  0  0  0  0 59  1  1]
 [ 1  0  0  0  0  1  0  0 50  2]
 [ 0  0  0  0  0  0  0  0  0 63]]
              precision    recall  f1-score   support

         0.0       0.96      0.98      0.97        55
         1.0       0.98      0.98      0.98        49
         2.0       0.98      0.98      0.98        66
         3.0       1.00      0.99      0.99        69
         4.0       1.00      0.95      0.97        59
         5.0       0.95      0.96      0.96        57
         6.0       1.00      0.97      0.98        66
         7.0       0.98      0.95      0.97        62
         8.0       0.94      0.93      0.93        54
         9.0       0.90      1.00      0.95        63

    accuracy                           0.97       600
   macro avg       0.97      0.97      0.97       600
weighted avg       0.97      0.97      0.97       600

K = 5, Metric = l1
Accuracy:  0.965
[[54  0  0  0  0  1  0  0  0  0]
 [ 0 49  0  0  0  0  0  0  0  0]
 [ 0  1 64  0  0  0  0  1  0  0]
 [ 0  0  1 67  0  1  0  0  0  0]
 [ 0  0  0  0 56  0  0  0  0  3]
 [ 0  0  0  0  0 54  1  0  1  1]
 [ 1  1  0  0  0  1 63  0  0  0]
 [ 1  0  0  0  0  0  0 61  0  0]
 [ 1  0  0  2  0  1  0  0 48  2]
 [ 0  0  0  0  0  0  0  0  0 63]]
              precision    recall  f1-score   support

         0.0       0.95      0.98      0.96        55
         1.0       0.96      1.00      0.98        49
         2.0       0.98      0.97      0.98        66
         3.0       0.97      0.97      0.97        69
         4.0       1.00      0.95      0.97        59
         5.0       0.93      0.95      0.94        57
         6.0       0.98      0.95      0.97        66
         7.0       0.98      0.98      0.98        62
         8.0       0.98      0.89      0.93        54
         9.0       0.91      1.00      0.95        63

    accuracy                           0.96       600
   macro avg       0.97      0.96      0.96       600
weighted avg       0.97      0.96      0.96       600

K = 5, Metric = l2
Accuracy:  0.97
[[54  0  0  0  0  1  0  0  0  0]
 [ 0 48  1  0  0  0  0  0  0  0]
 [ 0  0 65  0  0  0  0  1  0  0]
 [ 0  0  0 68  0  1  0  0  0  0]
 [ 0  0  0  0 56  0  0  0  0  3]
 [ 0  0  0  0  0 55  0  0  1  1]
 [ 0  1  0  0  0  0 64  0  1  0]
 [ 1  0  0  0  0  0  0 59  1  1]
 [ 1  0  0  0  0  1  0  0 50  2]
 [ 0  0  0  0  0  0  0  0  0 63]]
              precision    recall  f1-score   support

         0.0       0.96      0.98      0.97        55
         1.0       0.98      0.98      0.98        49
         2.0       0.98      0.98      0.98        66
         3.0       1.00      0.99      0.99        69
         4.0       1.00      0.95      0.97        59
         5.0       0.95      0.96      0.96        57
         6.0       1.00      0.97      0.98        66
         7.0       0.98      0.95      0.97        62
         8.0       0.94      0.93      0.93        54
         9.0       0.90      1.00      0.95        63

    accuracy                           0.97       600
   macro avg       0.97      0.97      0.97       600
weighted avg       0.97      0.97      0.97       600

K = 5, Metric = manhattan
Accuracy:  0.965
[[54  0  0  0  0  1  0  0  0  0]
 [ 0 49  0  0  0  0  0  0  0  0]
 [ 0  1 64  0  0  0  0  1  0  0]
 [ 0  0  1 67  0  1  0  0  0  0]
 [ 0  0  0  0 56  0  0  0  0  3]
 [ 0  0  0  0  0 54  1  0  1  1]
 [ 1  1  0  0  0  1 63  0  0  0]
 [ 1  0  0  0  0  0  0 61  0  0]
 [ 1  0  0  2  0  1  0  0 48  2]
 [ 0  0  0  0  0  0  0  0  0 63]]
              precision    recall  f1-score   support

         0.0       0.95      0.98      0.96        55
         1.0       0.96      1.00      0.98        49
         2.0       0.98      0.97      0.98        66
         3.0       0.97      0.97      0.97        69
         4.0       1.00      0.95      0.97        59
         5.0       0.93      0.95      0.94        57
         6.0       0.98      0.95      0.97        66
         7.0       0.98      0.98      0.98        62
         8.0       0.98      0.89      0.93        54
         9.0       0.91      1.00      0.95        63

    accuracy                           0.96       600
   macro avg       0.97      0.96      0.96       600
weighted avg       0.97      0.96      0.96       600

K = 5, Metric = nan_euclidean
Accuracy:  0.97
[[54  0  0  0  0  1  0  0  0  0]
 [ 0 48  1  0  0  0  0  0  0  0]
 [ 0  0 65  0  0  0  0  1  0  0]
 [ 0  0  0 68  0  1  0  0  0  0]
 [ 0  0  0  0 56  0  0  0  0  3]
 [ 0  0  0  0  0 55  0  0  1  1]
 [ 0  1  0  0  0  0 64  0  1  0]
 [ 1  0  0  0  0  0  0 59  1  1]
 [ 1  0  0  0  0  1  0  0 50  2]
 [ 0  0  0  0  0  0  0  0  0 63]]
              precision    recall  f1-score   support

         0.0       0.96      0.98      0.97        55
         1.0       0.98      0.98      0.98        49
         2.0       0.98      0.98      0.98        66
         3.0       1.00      0.99      0.99        69
         4.0       1.00      0.95      0.97        59
         5.0       0.95      0.96      0.96        57
         6.0       1.00      0.97      0.98        66
         7.0       0.98      0.95      0.97        62
         8.0       0.94      0.93      0.93        54
         9.0       0.90      1.00      0.95        63

    accuracy                           0.97       600
   macro avg       0.97      0.97      0.97       600
weighted avg       0.97      0.97      0.97       600

K = 6, Metric = cityblock
Accuracy:  0.9566666666666667
[[54  0  0  0  0  1  0  0  0  0]
 [ 0 49  0  0  0  0  0  0  0  0]
 [ 1  2 62  0  0  0  0  1  0  0]
 [ 0  0  2 66  0  1  0  0  0  0]
 [ 0  0  0  0 57  0  0  0  0  2]
 [ 0  0  0  1  0 53  1  0  1  1]
 [ 1  1  0  0  0  0 63  0  1  0]
 [ 1  0  0  0  0  0  0 61  0  0]
 [ 1  0  0  2  0  1  0  0 48  2]
 [ 0  0  0  0  0  0  0  2  0 61]]
              precision    recall  f1-score   support

         0.0       0.93      0.98      0.96        55
         1.0       0.94      1.00      0.97        49
         2.0       0.97      0.94      0.95        66
         3.0       0.96      0.96      0.96        69
         4.0       1.00      0.97      0.98        59
         5.0       0.95      0.93      0.94        57
         6.0       0.98      0.95      0.97        66
         7.0       0.95      0.98      0.97        62
         8.0       0.96      0.89      0.92        54
         9.0       0.92      0.97      0.95        63

    accuracy                           0.96       600
   macro avg       0.96      0.96      0.96       600
weighted avg       0.96      0.96      0.96       600

K = 6, Metric = cosine
Accuracy:  0.9616666666666667
[[54  0  0  0  0  1  0  0  0  0]
 [ 0 49  0  0  0  0  0  0  0  0]
 [ 0  0 64  0  0  0  0  1  1  0]
 [ 0  0  1 67  0  1  0  0  0  0]
 [ 0  0  0  0 57  0  0  0  0  2]
 [ 0  0  0  1  0 54  0  0  1  1]
 [ 0  1  0  0  0  0 64  0  1  0]
 [ 2  0  0  0  0  0  0 58  0  2]
 [ 1  0  0  1  0  1  0  0 49  2]
 [ 0  0  0  0  0  0  0  2  0 61]]
              precision    recall  f1-score   support

         0.0       0.95      0.98      0.96        55
         1.0       0.98      1.00      0.99        49
         2.0       0.98      0.97      0.98        66
         3.0       0.97      0.97      0.97        69
         4.0       1.00      0.97      0.98        59
         5.0       0.95      0.95      0.95        57
         6.0       1.00      0.97      0.98        66
         7.0       0.95      0.94      0.94        62
         8.0       0.94      0.91      0.92        54
         9.0       0.90      0.97      0.93        63

    accuracy                           0.96       600
   macro avg       0.96      0.96      0.96       600
weighted avg       0.96      0.96      0.96       600

K = 6, Metric = euclidean
Accuracy:  0.9616666666666667
[[54  0  0  0  0  1  0  0  0  0]
 [ 0 49  0  0  0  0  0  0  0  0]
 [ 0  0 64  0  0  0  0  1  1  0]
 [ 0  0  1 67  0  1  0  0  0  0]
 [ 0  0  0  0 57  0  0  0  0  2]
 [ 0  0  0  1  0 54  0  0  1  1]
 [ 0  1  0  0  0  0 64  0  1  0]
 [ 2  0  0  0  0  0  0 58  0  2]
 [ 1  0  0  1  0  1  0  0 49  2]
 [ 0  0  0  0  0  0  0  2  0 61]]
              precision    recall  f1-score   support

         0.0       0.95      0.98      0.96        55
         1.0       0.98      1.00      0.99        49
         2.0       0.98      0.97      0.98        66
         3.0       0.97      0.97      0.97        69
         4.0       1.00      0.97      0.98        59
         5.0       0.95      0.95      0.95        57
         6.0       1.00      0.97      0.98        66
         7.0       0.95      0.94      0.94        62
         8.0       0.94      0.91      0.92        54
         9.0       0.90      0.97      0.93        63

    accuracy                           0.96       600
   macro avg       0.96      0.96      0.96       600
weighted avg       0.96      0.96      0.96       600

K = 6, Metric = l1
Accuracy:  0.9566666666666667
[[54  0  0  0  0  1  0  0  0  0]
 [ 0 49  0  0  0  0  0  0  0  0]
 [ 1  2 62  0  0  0  0  1  0  0]
 [ 0  0  2 66  0  1  0  0  0  0]
 [ 0  0  0  0 57  0  0  0  0  2]
 [ 0  0  0  1  0 53  1  0  1  1]
 [ 1  1  0  0  0  0 63  0  1  0]
 [ 1  0  0  0  0  0  0 61  0  0]
 [ 1  0  0  2  0  1  0  0 48  2]
 [ 0  0  0  0  0  0  0  2  0 61]]
              precision    recall  f1-score   support

         0.0       0.93      0.98      0.96        55
         1.0       0.94      1.00      0.97        49
         2.0       0.97      0.94      0.95        66
         3.0       0.96      0.96      0.96        69
         4.0       1.00      0.97      0.98        59
         5.0       0.95      0.93      0.94        57
         6.0       0.98      0.95      0.97        66
         7.0       0.95      0.98      0.97        62
         8.0       0.96      0.89      0.92        54
         9.0       0.92      0.97      0.95        63

    accuracy                           0.96       600
   macro avg       0.96      0.96      0.96       600
weighted avg       0.96      0.96      0.96       600

K = 6, Metric = l2
Accuracy:  0.9616666666666667
[[54  0  0  0  0  1  0  0  0  0]
 [ 0 49  0  0  0  0  0  0  0  0]
 [ 0  0 64  0  0  0  0  1  1  0]
 [ 0  0  1 67  0  1  0  0  0  0]
 [ 0  0  0  0 57  0  0  0  0  2]
 [ 0  0  0  1  0 54  0  0  1  1]
 [ 0  1  0  0  0  0 64  0  1  0]
 [ 2  0  0  0  0  0  0 58  0  2]
 [ 1  0  0  1  0  1  0  0 49  2]
 [ 0  0  0  0  0  0  0  2  0 61]]
              precision    recall  f1-score   support

         0.0       0.95      0.98      0.96        55
         1.0       0.98      1.00      0.99        49
         2.0       0.98      0.97      0.98        66
         3.0       0.97      0.97      0.97        69
         4.0       1.00      0.97      0.98        59
         5.0       0.95      0.95      0.95        57
         6.0       1.00      0.97      0.98        66
         7.0       0.95      0.94      0.94        62
         8.0       0.94      0.91      0.92        54
         9.0       0.90      0.97      0.93        63

    accuracy                           0.96       600
   macro avg       0.96      0.96      0.96       600
weighted avg       0.96      0.96      0.96       600

K = 6, Metric = manhattan
Accuracy:  0.9566666666666667
[[54  0  0  0  0  1  0  0  0  0]
 [ 0 49  0  0  0  0  0  0  0  0]
 [ 1  2 62  0  0  0  0  1  0  0]
 [ 0  0  2 66  0  1  0  0  0  0]
 [ 0  0  0  0 57  0  0  0  0  2]
 [ 0  0  0  1  0 53  1  0  1  1]
 [ 1  1  0  0  0  0 63  0  1  0]
 [ 1  0  0  0  0  0  0 61  0  0]
 [ 1  0  0  2  0  1  0  0 48  2]
 [ 0  0  0  0  0  0  0  2  0 61]]
              precision    recall  f1-score   support

         0.0       0.93      0.98      0.96        55
         1.0       0.94      1.00      0.97        49
         2.0       0.97      0.94      0.95        66
         3.0       0.96      0.96      0.96        69
         4.0       1.00      0.97      0.98        59
         5.0       0.95      0.93      0.94        57
         6.0       0.98      0.95      0.97        66
         7.0       0.95      0.98      0.97        62
         8.0       0.96      0.89      0.92        54
         9.0       0.92      0.97      0.95        63

    accuracy                           0.96       600
   macro avg       0.96      0.96      0.96       600
weighted avg       0.96      0.96      0.96       600

K = 6, Metric = nan_euclidean
Accuracy:  0.9616666666666667
[[54  0  0  0  0  1  0  0  0  0]
 [ 0 49  0  0  0  0  0  0  0  0]
 [ 0  0 64  0  0  0  0  1  1  0]
 [ 0  0  1 67  0  1  0  0  0  0]
 [ 0  0  0  0 57  0  0  0  0  2]
 [ 0  0  0  1  0 54  0  0  1  1]
 [ 0  1  0  0  0  0 64  0  1  0]
 [ 2  0  0  0  0  0  0 58  0  2]
 [ 1  0  0  1  0  1  0  0 49  2]
 [ 0  0  0  0  0  0  0  2  0 61]]
              precision    recall  f1-score   support

         0.0       0.95      0.98      0.96        55
         1.0       0.98      1.00      0.99        49
         2.0       0.98      0.97      0.98        66
         3.0       0.97      0.97      0.97        69
         4.0       1.00      0.97      0.98        59
         5.0       0.95      0.95      0.95        57
         6.0       1.00      0.97      0.98        66
         7.0       0.95      0.94      0.94        62
         8.0       0.94      0.91      0.92        54
         9.0       0.90      0.97      0.93        63

    accuracy                           0.96       600
   macro avg       0.96      0.96      0.96       600
weighted avg       0.96      0.96      0.96       600

K = 7, Metric = cityblock
Accuracy:  0.96
[[54  0  0  0  0  1  0  0  0  0]
 [ 0 49  0  0  0  0  0  0  0  0]
 [ 1  1 62  0  0  0  1  1  0  0]
 [ 0  0  1 67  0  1  0  0  0  0]
 [ 0  0  0  0 56  0  0  0  0  3]
 [ 0  0  0  0  0 54  1  0  1  1]
 [ 1  1  0  0  0  0 63  0  1  0]
 [ 1  0  0  0  0  0  0 61  0  0]
 [ 1  0  0  2  0  1  0  0 48  2]
 [ 0  0  0  0  0  0  0  1  0 62]]
              precision    recall  f1-score   support

         0.0       0.93      0.98      0.96        55
         1.0       0.96      1.00      0.98        49
         2.0       0.98      0.94      0.96        66
         3.0       0.97      0.97      0.97        69
         4.0       1.00      0.95      0.97        59
         5.0       0.95      0.95      0.95        57
         6.0       0.97      0.95      0.96        66
         7.0       0.97      0.98      0.98        62
         8.0       0.96      0.89      0.92        54
         9.0       0.91      0.98      0.95        63

    accuracy                           0.96       600
   macro avg       0.96      0.96      0.96       600
weighted avg       0.96      0.96      0.96       600

K = 7, Metric = cosine
Accuracy:  0.9566666666666667
[[54  0  0  0  0  1  0  0  0  0]
 [ 0 48  1  0  0  0  0  0  0  0]
 [ 0  0 64  0  0  0  1  1  0  0]
 [ 0  0  1 66  0  1  0  0  1  0]
 [ 0  0  0  0 56  0  0  0  0  3]
 [ 0  0  0  2  0 53  0  0  1  1]
 [ 0  1  0  0  0  0 64  0  1  0]
 [ 1  0  0  0  0  0  0 58  0  3]
 [ 1  0  0  1  0  1  0  0 49  2]
 [ 0  0  0  0  0  0  0  1  0 62]]
              precision    recall  f1-score   support

         0.0       0.96      0.98      0.97        55
         1.0       0.98      0.98      0.98        49
         2.0       0.97      0.97      0.97        66
         3.0       0.96      0.96      0.96        69
         4.0       1.00      0.95      0.97        59
         5.0       0.95      0.93      0.94        57
         6.0       0.98      0.97      0.98        66
         7.0       0.97      0.94      0.95        62
         8.0       0.94      0.91      0.92        54
         9.0       0.87      0.98      0.93        63

    accuracy                           0.96       600
   macro avg       0.96      0.96      0.96       600
weighted avg       0.96      0.96      0.96       600

K = 7, Metric = euclidean
Accuracy:  0.9566666666666667
[[54  0  0  0  0  1  0  0  0  0]
 [ 0 48  1  0  0  0  0  0  0  0]
 [ 0  0 64  0  0  0  1  1  0  0]
 [ 0  0  1 66  0  1  0  0  1  0]
 [ 0  0  0  0 56  0  0  0  0  3]
 [ 0  0  0  2  0 53  0  0  1  1]
 [ 0  1  0  0  0  0 64  0  1  0]
 [ 1  0  0  0  0  0  0 58  0  3]
 [ 1  0  0  1  0  1  0  0 49  2]
 [ 0  0  0  0  0  0  0  1  0 62]]
              precision    recall  f1-score   support

         0.0       0.96      0.98      0.97        55
         1.0       0.98      0.98      0.98        49
         2.0       0.97      0.97      0.97        66
         3.0       0.96      0.96      0.96        69
         4.0       1.00      0.95      0.97        59
         5.0       0.95      0.93      0.94        57
         6.0       0.98      0.97      0.98        66
         7.0       0.97      0.94      0.95        62
         8.0       0.94      0.91      0.92        54
         9.0       0.87      0.98      0.93        63

    accuracy                           0.96       600
   macro avg       0.96      0.96      0.96       600
weighted avg       0.96      0.96      0.96       600

K = 7, Metric = l1
Accuracy:  0.96
[[54  0  0  0  0  1  0  0  0  0]
 [ 0 49  0  0  0  0  0  0  0  0]
 [ 1  1 62  0  0  0  1  1  0  0]
 [ 0  0  1 67  0  1  0  0  0  0]
 [ 0  0  0  0 56  0  0  0  0  3]
 [ 0  0  0  0  0 54  1  0  1  1]
 [ 1  1  0  0  0  0 63  0  1  0]
 [ 1  0  0  0  0  0  0 61  0  0]
 [ 1  0  0  2  0  1  0  0 48  2]
 [ 0  0  0  0  0  0  0  1  0 62]]
              precision    recall  f1-score   support

         0.0       0.93      0.98      0.96        55
         1.0       0.96      1.00      0.98        49
         2.0       0.98      0.94      0.96        66
         3.0       0.97      0.97      0.97        69
         4.0       1.00      0.95      0.97        59
         5.0       0.95      0.95      0.95        57
         6.0       0.97      0.95      0.96        66
         7.0       0.97      0.98      0.98        62
         8.0       0.96      0.89      0.92        54
         9.0       0.91      0.98      0.95        63

    accuracy                           0.96       600
   macro avg       0.96      0.96      0.96       600
weighted avg       0.96      0.96      0.96       600

K = 7, Metric = l2
Accuracy:  0.9566666666666667
[[54  0  0  0  0  1  0  0  0  0]
 [ 0 48  1  0  0  0  0  0  0  0]
 [ 0  0 64  0  0  0  1  1  0  0]
 [ 0  0  1 66  0  1  0  0  1  0]
 [ 0  0  0  0 56  0  0  0  0  3]
 [ 0  0  0  2  0 53  0  0  1  1]
 [ 0  1  0  0  0  0 64  0  1  0]
 [ 1  0  0  0  0  0  0 58  0  3]
 [ 1  0  0  1  0  1  0  0 49  2]
 [ 0  0  0  0  0  0  0  1  0 62]]
              precision    recall  f1-score   support

         0.0       0.96      0.98      0.97        55
         1.0       0.98      0.98      0.98        49
         2.0       0.97      0.97      0.97        66
         3.0       0.96      0.96      0.96        69
         4.0       1.00      0.95      0.97        59
         5.0       0.95      0.93      0.94        57
         6.0       0.98      0.97      0.98        66
         7.0       0.97      0.94      0.95        62
         8.0       0.94      0.91      0.92        54
         9.0       0.87      0.98      0.93        63

    accuracy                           0.96       600
   macro avg       0.96      0.96      0.96       600
weighted avg       0.96      0.96      0.96       600

K = 7, Metric = manhattan
Accuracy:  0.96
[[54  0  0  0  0  1  0  0  0  0]
 [ 0 49  0  0  0  0  0  0  0  0]
 [ 1  1 62  0  0  0  1  1  0  0]
 [ 0  0  1 67  0  1  0  0  0  0]
 [ 0  0  0  0 56  0  0  0  0  3]
 [ 0  0  0  0  0 54  1  0  1  1]
 [ 1  1  0  0  0  0 63  0  1  0]
 [ 1  0  0  0  0  0  0 61  0  0]
 [ 1  0  0  2  0  1  0  0 48  2]
 [ 0  0  0  0  0  0  0  1  0 62]]
              precision    recall  f1-score   support

         0.0       0.93      0.98      0.96        55
         1.0       0.96      1.00      0.98        49
         2.0       0.98      0.94      0.96        66
         3.0       0.97      0.97      0.97        69
         4.0       1.00      0.95      0.97        59
         5.0       0.95      0.95      0.95        57
         6.0       0.97      0.95      0.96        66
         7.0       0.97      0.98      0.98        62
         8.0       0.96      0.89      0.92        54
         9.0       0.91      0.98      0.95        63

    accuracy                           0.96       600
   macro avg       0.96      0.96      0.96       600
weighted avg       0.96      0.96      0.96       600

K = 7, Metric = nan_euclidean
Accuracy:  0.9566666666666667
[[54  0  0  0  0  1  0  0  0  0]
 [ 0 48  1  0  0  0  0  0  0  0]
 [ 0  0 64  0  0  0  1  1  0  0]
 [ 0  0  1 66  0  1  0  0  1  0]
 [ 0  0  0  0 56  0  0  0  0  3]
 [ 0  0  0  2  0 53  0  0  1  1]
 [ 0  1  0  0  0  0 64  0  1  0]
 [ 1  0  0  0  0  0  0 58  0  3]
 [ 1  0  0  1  0  1  0  0 49  2]
 [ 0  0  0  0  0  0  0  1  0 62]]
              precision    recall  f1-score   support

         0.0       0.96      0.98      0.97        55
         1.0       0.98      0.98      0.98        49
         2.0       0.97      0.97      0.97        66
         3.0       0.96      0.96      0.96        69
         4.0       1.00      0.95      0.97        59
         5.0       0.95      0.93      0.94        57
         6.0       0.98      0.97      0.98        66
         7.0       0.97      0.94      0.95        62
         8.0       0.94      0.91      0.92        54
         9.0       0.87      0.98      0.93        63

    accuracy                           0.96       600
   macro avg       0.96      0.96      0.96       600
weighted avg       0.96      0.96      0.96       600

K = 8, Metric = cityblock
Accuracy:  0.9533333333333334
[[54  0  0  0  0  1  0  0  0  0]
 [ 0 49  0  0  0  0  0  0  0  0]
 [ 1  2 62  0  0  0  0  1  0  0]
 [ 0  0  1 67  0  1  0  0  0  0]
 [ 0  0  0  0 56  0  0  0  0  3]
 [ 0  0  0  1  0 53  1  0  1  1]
 [ 1  1  0  0  0  0 63  0  1  0]
 [ 1  0  0  0  0  0  0 61  0  0]
 [ 1  0  0  4  0  1  0  0 46  2]
 [ 0  0  0  0  0  0  0  2  0 61]]
              precision    recall  f1-score   support

         0.0       0.93      0.98      0.96        55
         1.0       0.94      1.00      0.97        49
         2.0       0.98      0.94      0.96        66
         3.0       0.93      0.97      0.95        69
         4.0       1.00      0.95      0.97        59
         5.0       0.95      0.93      0.94        57
         6.0       0.98      0.95      0.97        66
         7.0       0.95      0.98      0.97        62
         8.0       0.96      0.85      0.90        54
         9.0       0.91      0.97      0.94        63

    accuracy                           0.95       600
   macro avg       0.95      0.95      0.95       600
weighted avg       0.95      0.95      0.95       600

K = 8, Metric = cosine
Accuracy:  0.955
[[54  0  0  0  0  1  0  0  0  0]
 [ 0 49  0  0  0  0  0  0  0  0]
 [ 0  0 64  0  0  0  1  1  0  0]
 [ 0  0  2 66  0  1  0  0  0  0]
 [ 0  0  0  0 57  0  0  0  0  2]
 [ 0  0  0  3  0 52  0  0  1  1]
 [ 0  1  0  0  0  0 64  0  1  0]
 [ 2  0  0  0  0  0  0 58  0  2]
 [ 1  0  0  2  0  1  0  0 48  2]
 [ 0  0  0  0  0  0  0  2  0 61]]
              precision    recall  f1-score   support

         0.0       0.95      0.98      0.96        55
         1.0       0.98      1.00      0.99        49
         2.0       0.97      0.97      0.97        66
         3.0       0.93      0.96      0.94        69
         4.0       1.00      0.97      0.98        59
         5.0       0.95      0.91      0.93        57
         6.0       0.98      0.97      0.98        66
         7.0       0.95      0.94      0.94        62
         8.0       0.96      0.89      0.92        54
         9.0       0.90      0.97      0.93        63

    accuracy                           0.95       600
   macro avg       0.96      0.95      0.96       600
weighted avg       0.96      0.95      0.95       600

K = 8, Metric = euclidean
Accuracy:  0.955
[[54  0  0  0  0  1  0  0  0  0]
 [ 0 49  0  0  0  0  0  0  0  0]
 [ 0  0 64  0  0  0  1  1  0  0]
 [ 0  0  2 66  0  1  0  0  0  0]
 [ 0  0  0  0 57  0  0  0  0  2]
 [ 0  0  0  3  0 52  0  0  1  1]
 [ 0  1  0  0  0  0 64  0  1  0]
 [ 2  0  0  0  0  0  0 58  0  2]
 [ 1  0  0  2  0  1  0  0 48  2]
 [ 0  0  0  0  0  0  0  2  0 61]]
              precision    recall  f1-score   support

         0.0       0.95      0.98      0.96        55
         1.0       0.98      1.00      0.99        49
         2.0       0.97      0.97      0.97        66
         3.0       0.93      0.96      0.94        69
         4.0       1.00      0.97      0.98        59
         5.0       0.95      0.91      0.93        57
         6.0       0.98      0.97      0.98        66
         7.0       0.95      0.94      0.94        62
         8.0       0.96      0.89      0.92        54
         9.0       0.90      0.97      0.93        63

    accuracy                           0.95       600
   macro avg       0.96      0.95      0.96       600
weighted avg       0.96      0.95      0.95       600

K = 8, Metric = l1
Accuracy:  0.9533333333333334
[[54  0  0  0  0  1  0  0  0  0]
 [ 0 49  0  0  0  0  0  0  0  0]
 [ 1  2 62  0  0  0  0  1  0  0]
 [ 0  0  1 67  0  1  0  0  0  0]
 [ 0  0  0  0 56  0  0  0  0  3]
 [ 0  0  0  1  0 53  1  0  1  1]
 [ 1  1  0  0  0  0 63  0  1  0]
 [ 1  0  0  0  0  0  0 61  0  0]
 [ 1  0  0  4  0  1  0  0 46  2]
 [ 0  0  0  0  0  0  0  2  0 61]]
              precision    recall  f1-score   support

         0.0       0.93      0.98      0.96        55
         1.0       0.94      1.00      0.97        49
         2.0       0.98      0.94      0.96        66
         3.0       0.93      0.97      0.95        69
         4.0       1.00      0.95      0.97        59
         5.0       0.95      0.93      0.94        57
         6.0       0.98      0.95      0.97        66
         7.0       0.95      0.98      0.97        62
         8.0       0.96      0.85      0.90        54
         9.0       0.91      0.97      0.94        63

    accuracy                           0.95       600
   macro avg       0.95      0.95      0.95       600
weighted avg       0.95      0.95      0.95       600

K = 8, Metric = l2
Accuracy:  0.955
[[54  0  0  0  0  1  0  0  0  0]
 [ 0 49  0  0  0  0  0  0  0  0]
 [ 0  0 64  0  0  0  1  1  0  0]
 [ 0  0  2 66  0  1  0  0  0  0]
 [ 0  0  0  0 57  0  0  0  0  2]
 [ 0  0  0  3  0 52  0  0  1  1]
 [ 0  1  0  0  0  0 64  0  1  0]
 [ 2  0  0  0  0  0  0 58  0  2]
 [ 1  0  0  2  0  1  0  0 48  2]
 [ 0  0  0  0  0  0  0  2  0 61]]
              precision    recall  f1-score   support

         0.0       0.95      0.98      0.96        55
         1.0       0.98      1.00      0.99        49
         2.0       0.97      0.97      0.97        66
         3.0       0.93      0.96      0.94        69
         4.0       1.00      0.97      0.98        59
         5.0       0.95      0.91      0.93        57
         6.0       0.98      0.97      0.98        66
         7.0       0.95      0.94      0.94        62
         8.0       0.96      0.89      0.92        54
         9.0       0.90      0.97      0.93        63

    accuracy                           0.95       600
   macro avg       0.96      0.95      0.96       600
weighted avg       0.96      0.95      0.95       600

K = 8, Metric = manhattan
Accuracy:  0.9533333333333334
[[54  0  0  0  0  1  0  0  0  0]
 [ 0 49  0  0  0  0  0  0  0  0]
 [ 1  2 62  0  0  0  0  1  0  0]
 [ 0  0  1 67  0  1  0  0  0  0]
 [ 0  0  0  0 56  0  0  0  0  3]
 [ 0  0  0  1  0 53  1  0  1  1]
 [ 1  1  0  0  0  0 63  0  1  0]
 [ 1  0  0  0  0  0  0 61  0  0]
 [ 1  0  0  4  0  1  0  0 46  2]
 [ 0  0  0  0  0  0  0  2  0 61]]
              precision    recall  f1-score   support

         0.0       0.93      0.98      0.96        55
         1.0       0.94      1.00      0.97        49
         2.0       0.98      0.94      0.96        66
         3.0       0.93      0.97      0.95        69
         4.0       1.00      0.95      0.97        59
         5.0       0.95      0.93      0.94        57
         6.0       0.98      0.95      0.97        66
         7.0       0.95      0.98      0.97        62
         8.0       0.96      0.85      0.90        54
         9.0       0.91      0.97      0.94        63

    accuracy                           0.95       600
   macro avg       0.95      0.95      0.95       600
weighted avg       0.95      0.95      0.95       600

K = 8, Metric = nan_euclidean
Accuracy:  0.955
[[54  0  0  0  0  1  0  0  0  0]
 [ 0 49  0  0  0  0  0  0  0  0]
 [ 0  0 64  0  0  0  1  1  0  0]
 [ 0  0  2 66  0  1  0  0  0  0]
 [ 0  0  0  0 57  0  0  0  0  2]
 [ 0  0  0  3  0 52  0  0  1  1]
 [ 0  1  0  0  0  0 64  0  1  0]
 [ 2  0  0  0  0  0  0 58  0  2]
 [ 1  0  0  2  0  1  0  0 48  2]
 [ 0  0  0  0  0  0  0  2  0 61]]
              precision    recall  f1-score   support

         0.0       0.95      0.98      0.96        55
         1.0       0.98      1.00      0.99        49
         2.0       0.97      0.97      0.97        66
         3.0       0.93      0.96      0.94        69
         4.0       1.00      0.97      0.98        59
         5.0       0.95      0.91      0.93        57
         6.0       0.98      0.97      0.98        66
         7.0       0.95      0.94      0.94        62
         8.0       0.96      0.89      0.92        54
         9.0       0.90      0.97      0.93        63

    accuracy                           0.95       600
   macro avg       0.96      0.95      0.96       600
weighted avg       0.96      0.95      0.95       600

K = 9, Metric = cityblock
Accuracy:  0.9483333333333334
[[54  0  0  0  0  1  0  0  0  0]
 [ 0 49  0  0  0  0  0  0  0  0]
 [ 1  2 61  0  0  0  1  1  0  0]
 [ 0  0  1 67  0  1  0  0  0  0]
 [ 0  0  0  0 53  0  0  0  0  6]
 [ 0  0  0  1  0 53  1  0  1  1]
 [ 1  1  0  0  0  0 63  0  1  0]
 [ 1  0  0  0  0  0  0 60  0  1]
 [ 1  0  0  3  0  0  0  0 48  2]
 [ 0  0  0  0  0  0  0  2  0 61]]
              precision    recall  f1-score   support

         0.0       0.93      0.98      0.96        55
         1.0       0.94      1.00      0.97        49
         2.0       0.98      0.92      0.95        66
         3.0       0.94      0.97      0.96        69
         4.0       1.00      0.90      0.95        59
         5.0       0.96      0.93      0.95        57
         6.0       0.97      0.95      0.96        66
         7.0       0.95      0.97      0.96        62
         8.0       0.96      0.89      0.92        54
         9.0       0.86      0.97      0.91        63

    accuracy                           0.95       600
   macro avg       0.95      0.95      0.95       600
weighted avg       0.95      0.95      0.95       600

K = 9, Metric = cosine
Accuracy:  0.9466666666666667
[[54  0  0  0  0  1  0  0  0  0]
 [ 0 49  0  0  0  0  0  0  0  0]
 [ 1  0 62  0  0  0  1  1  1  0]
 [ 0  0  2 66  0  1  0  0  0  0]
 [ 0  0  0  0 55  0  0  0  0  4]
 [ 0  0  0  2  0 52  1  0  1  1]
 [ 0  1  0  0  0  0 64  0  1  0]
 [ 2  0  0  0  0  0  0 58  0  2]
 [ 1  0  0  3  0  1  0  0 47  2]
 [ 0  0  0  0  0  0  0  2  0 61]]
              precision    recall  f1-score   support

         0.0       0.93      0.98      0.96        55
         1.0       0.98      1.00      0.99        49
         2.0       0.97      0.94      0.95        66
         3.0       0.93      0.96      0.94        69
         4.0       1.00      0.93      0.96        59
         5.0       0.95      0.91      0.93        57
         6.0       0.97      0.97      0.97        66
         7.0       0.95      0.94      0.94        62
         8.0       0.94      0.87      0.90        54
         9.0       0.87      0.97      0.92        63

    accuracy                           0.95       600
   macro avg       0.95      0.95      0.95       600
weighted avg       0.95      0.95      0.95       600

K = 9, Metric = euclidean
Accuracy:  0.9466666666666667
[[54  0  0  0  0  1  0  0  0  0]
 [ 0 49  0  0  0  0  0  0  0  0]
 [ 1  0 62  0  0  0  1  1  1  0]
 [ 0  0  2 66  0  1  0  0  0  0]
 [ 0  0  0  0 55  0  0  0  0  4]
 [ 0  0  0  2  0 52  1  0  1  1]
 [ 0  1  0  0  0  0 64  0  1  0]
 [ 2  0  0  0  0  0  0 58  0  2]
 [ 1  0  0  3  0  1  0  0 47  2]
 [ 0  0  0  0  0  0  0  2  0 61]]
              precision    recall  f1-score   support

         0.0       0.93      0.98      0.96        55
         1.0       0.98      1.00      0.99        49
         2.0       0.97      0.94      0.95        66
         3.0       0.93      0.96      0.94        69
         4.0       1.00      0.93      0.96        59
         5.0       0.95      0.91      0.93        57
         6.0       0.97      0.97      0.97        66
         7.0       0.95      0.94      0.94        62
         8.0       0.94      0.87      0.90        54
         9.0       0.87      0.97      0.92        63

    accuracy                           0.95       600
   macro avg       0.95      0.95      0.95       600
weighted avg       0.95      0.95      0.95       600

K = 9, Metric = l1
Accuracy:  0.9483333333333334
[[54  0  0  0  0  1  0  0  0  0]
 [ 0 49  0  0  0  0  0  0  0  0]
 [ 1  2 61  0  0  0  1  1  0  0]
 [ 0  0  1 67  0  1  0  0  0  0]
 [ 0  0  0  0 53  0  0  0  0  6]
 [ 0  0  0  1  0 53  1  0  1  1]
 [ 1  1  0  0  0  0 63  0  1  0]
 [ 1  0  0  0  0  0  0 60  0  1]
 [ 1  0  0  3  0  0  0  0 48  2]
 [ 0  0  0  0  0  0  0  2  0 61]]
              precision    recall  f1-score   support

         0.0       0.93      0.98      0.96        55
         1.0       0.94      1.00      0.97        49
         2.0       0.98      0.92      0.95        66
         3.0       0.94      0.97      0.96        69
         4.0       1.00      0.90      0.95        59
         5.0       0.96      0.93      0.95        57
         6.0       0.97      0.95      0.96        66
         7.0       0.95      0.97      0.96        62
         8.0       0.96      0.89      0.92        54
         9.0       0.86      0.97      0.91        63

    accuracy                           0.95       600
   macro avg       0.95      0.95      0.95       600
weighted avg       0.95      0.95      0.95       600

K = 9, Metric = l2
Accuracy:  0.9466666666666667
[[54  0  0  0  0  1  0  0  0  0]
 [ 0 49  0  0  0  0  0  0  0  0]
 [ 1  0 62  0  0  0  1  1  1  0]
 [ 0  0  2 66  0  1  0  0  0  0]
 [ 0  0  0  0 55  0  0  0  0  4]
 [ 0  0  0  2  0 52  1  0  1  1]
 [ 0  1  0  0  0  0 64  0  1  0]
 [ 2  0  0  0  0  0  0 58  0  2]
 [ 1  0  0  3  0  1  0  0 47  2]
 [ 0  0  0  0  0  0  0  2  0 61]]
              precision    recall  f1-score   support

         0.0       0.93      0.98      0.96        55
         1.0       0.98      1.00      0.99        49
         2.0       0.97      0.94      0.95        66
         3.0       0.93      0.96      0.94        69
         4.0       1.00      0.93      0.96        59
         5.0       0.95      0.91      0.93        57
         6.0       0.97      0.97      0.97        66
         7.0       0.95      0.94      0.94        62
         8.0       0.94      0.87      0.90        54
         9.0       0.87      0.97      0.92        63

    accuracy                           0.95       600
   macro avg       0.95      0.95      0.95       600
weighted avg       0.95      0.95      0.95       600

K = 9, Metric = manhattan
Accuracy:  0.9483333333333334
[[54  0  0  0  0  1  0  0  0  0]
 [ 0 49  0  0  0  0  0  0  0  0]
 [ 1  2 61  0  0  0  1  1  0  0]
 [ 0  0  1 67  0  1  0  0  0  0]
 [ 0  0  0  0 53  0  0  0  0  6]
 [ 0  0  0  1  0 53  1  0  1  1]
 [ 1  1  0  0  0  0 63  0  1  0]
 [ 1  0  0  0  0  0  0 60  0  1]
 [ 1  0  0  3  0  0  0  0 48  2]
 [ 0  0  0  0  0  0  0  2  0 61]]
              precision    recall  f1-score   support

         0.0       0.93      0.98      0.96        55
         1.0       0.94      1.00      0.97        49
         2.0       0.98      0.92      0.95        66
         3.0       0.94      0.97      0.96        69
         4.0       1.00      0.90      0.95        59
         5.0       0.96      0.93      0.95        57
         6.0       0.97      0.95      0.96        66
         7.0       0.95      0.97      0.96        62
         8.0       0.96      0.89      0.92        54
         9.0       0.86      0.97      0.91        63

    accuracy                           0.95       600
   macro avg       0.95      0.95      0.95       600
weighted avg       0.95      0.95      0.95       600

K = 9, Metric = nan_euclidean
Accuracy:  0.9466666666666667
[[54  0  0  0  0  1  0  0  0  0]
 [ 0 49  0  0  0  0  0  0  0  0]
 [ 1  0 62  0  0  0  1  1  1  0]
 [ 0  0  2 66  0  1  0  0  0  0]
 [ 0  0  0  0 55  0  0  0  0  4]
 [ 0  0  0  2  0 52  1  0  1  1]
 [ 0  1  0  0  0  0 64  0  1  0]
 [ 2  0  0  0  0  0  0 58  0  2]
 [ 1  0  0  3  0  1  0  0 47  2]
 [ 0  0  0  0  0  0  0  2  0 61]]
              precision    recall  f1-score   support

         0.0       0.93      0.98      0.96        55
         1.0       0.98      1.00      0.99        49
         2.0       0.97      0.94      0.95        66
         3.0       0.93      0.96      0.94        69
         4.0       1.00      0.93      0.96        59
         5.0       0.95      0.91      0.93        57
         6.0       0.97      0.97      0.97        66
         7.0       0.95      0.94      0.94        62
         8.0       0.94      0.87      0.90        54
         9.0       0.87      0.97      0.92        63

    accuracy                           0.95       600
   macro avg       0.95      0.95      0.95       600
weighted avg       0.95      0.95      0.95       600

